              87326.5046504111              15741.4641984995               4431.5706838303               -958.5933669330                472.6136819542               3035.3837074669              -1606.1117791857            2593186.2316216938              -7947.5888392194              13943.5584397620
              15741.4641984995             200260.6966015101               9525.1750773446              -1680.3774368312               2896.9942931634              -1203.9893175679              -1863.8108745458             332093.0853860180              -1333.7295050327               5578.7377367870
               4431.5706838303               9525.1750773446               1679.6260804827               -886.6594037097                 -5.5913349666                 26.0721448725              -1486.4581499530             126405.5948327800              -1414.7934767558               2152.3496294024
               -958.5933669330              -1680.3774368312               -886.6594037097              43270.0166163485               -778.4436941111               -617.4547336749                655.2013236594             -40015.5202536936               1617.6219922837               -385.7422565750
                472.6136819542               2896.9942931634                 -5.5913349666               -778.4436941111              40296.9543084295                200.8838565957               -313.9091676879              23390.2538519718                824.9442278860                688.6772560005
               3035.3837074669              -1203.9893175679                 26.0721448725               -617.4547336749                200.8838565957              39951.9149090418                936.5410751586              78388.6664222765                852.0424078894                418.4551682975
              -1606.1117791857              -1863.8108745458              -1486.4581499530                655.2013236594               -313.9091676879                936.5410751586              43619.4316518110             -73907.1623167462               1980.8677371122               -283.7767199384
            2593186.2316216938             332093.0853860180             126405.5948327800             -40015.5202536936              23390.2538519718              78388.6664222765             -73907.1623167462          101841088.7984042317            -456169.1132640647             228029.5352466024
              -7947.5888392194              -1333.7295050327              -1414.7934767558               1617.6219922837                824.9442278860                852.0424078894               1980.8677371122            -456169.1132640647              44581.6552215548               2332.6402852789
              13943.5584397620               5578.7377367870               2152.3496294024               -385.7422565750                688.6772560005                418.4551682975               -283.7767199384             228029.5352466024               2332.6402852789              38985.0082712611
