8.732650278594689735e+04 1.574146317531790010e+04 4.431570376875800321e+03 -9.585934010390999447e+02 4.726135341612999810e+02 3.035383696098199835e+03 -1.606111779185700016e+03 2.593186173607297242e+06 -7.947588475421500334e+03 1.394355826923180030e+04
1.574146317531790010e+04 2.002606853237753094e+05 9.525174440698299804e+03 -1.680377129876700110e+03 2.896994952547000139e+03 -1.203989124300300091e+03 -1.863810181055999919e+03 3.320930755066312850e+05 -1.333731210335299920e+03 5.578736747711400312e+03
4.431570376875800321e+03 9.525174440698299804e+03 1.679625989533300071e+03 -8.866593809723000277e+02 -5.591312229299999714e+00 2.607214487250000090e+01 -1.486458024897500081e+03 1.264055871930241992e+05 -1.414793419912399941e+03 2.152349527084300007e+03
-9.585934010390999447e+02 -1.680377129876700110e+03 -8.866593809723000277e+02 4.327001561590430356e+04 -7.784437282172000323e+02 -6.174546882001000085e+02 6.552012099726000542e+02 -4.001552010590070131e+04 1.617621855859500101e+03 -3.857423020497000152e+02
4.726135341612999810e+02 2.896994952547000139e+03 -5.591312229299999714e+00 -7.784437282172000323e+02 4.029695333072260109e+04 2.008839020704999996e+02 -3.139092472685999837e+02 2.339024850869020156e+04 8.249441596737999589e+02 6.886772446318000220e+02
3.035383696098199835e+03 -1.203989124300300091e+03 2.607214487250000090e+01 -6.174546882001000085e+02 2.008839020704999996e+02 3.995191414733989950e+04 9.365411433706999560e+02 7.838866506940309773e+04 8.520423965206999810e+02 4.184551569288000223e+02
-1.606111779185700016e+03 -1.863810181055999919e+03 -1.486458024897500081e+03 6.552012099726000542e+02 -3.139092472685999837e+02 9.365411433706999560e+02 4.361943075368490099e+04 -7.390716280559959705e+04 1.980867714374800016e+03 -2.837765948827999978e+02
2.593186173607297242e+06 3.320930755066312850e+05 1.264055871930241992e+05 -4.001552010590070131e+04 2.339024850869020156e+04 7.838866506940309773e+04 -7.390716280559959705e+04 1.018410864728602618e+08 -4.561690990759466076e+05 2.280295349964913912e+05
-7.947588475421500334e+03 -1.333731210335299920e+03 -1.414793419912399941e+03 1.617621855859500101e+03 8.249441596737999589e+02 8.520423965206999810e+02 1.980867714374800016e+03 -4.561690990759466076e+05 4.458165409605499735e+04 2.332640285278900137e+03
1.394355826923180030e+04 5.578736747711400312e+03 2.152349527084300007e+03 -3.857423020497000152e+02 6.886772446318000220e+02 4.184551569288000223e+02 -2.837765948827999978e+02 2.280295349964913912e+05 2.332640285278900137e+03 3.898500738450379868e+04
