8.732650465041109419e+04 1.574146419849949962e+04 4.431570683830300368e+03 -9.585933669329999702e+02 4.726136819541999898e+02 3.035383707466899978e+03 -1.606111779185700016e+03 2.593186231621693820e+06 -7.947588839219400143e+03 1.394355843976200049e+04
1.574146419849949962e+04 2.002606966015101061e+05 9.525175077344600140e+03 -1.680377436831199930e+03 2.896994293163400016e+03 -1.203989317567899889e+03 -1.863810874545800061e+03 3.320930853860179777e+05 -1.333729505032699990e+03 5.578737736787000358e+03
4.431570683830300368e+03 9.525175077344600140e+03 1.679626080482699990e+03 -8.866594037096999728e+02 -5.591334966599999845e+00 2.607214487250000090e+01 -1.486458149952999975e+03 1.264055948327799997e+05 -1.414793476755799929e+03 2.152349629402399842e+03
-9.585933669329999702e+02 -1.680377436831199930e+03 -8.866594037096999728e+02 4.327001661634849734e+04 -7.784436941110999442e+02 -6.174547336749000124e+02 6.552013236594000318e+02 -4.001552025369359762e+04 1.617621992283699910e+03 -3.857422565749999990e+02
4.726136819541999898e+02 2.896994293163400016e+03 -5.591334966599999845e+00 -7.784436941110999442e+02 4.029695430842950009e+04 2.008838565956999958e+02 -3.139091676878999806e+02 2.339025385197180003e+04 8.249442278860000215e+02 6.886772560005000514e+02
3.035383707466899978e+03 -1.203989317567899889e+03 2.607214487250000090e+01 -6.174547336749000124e+02 2.008838565956999958e+02 3.995191490904179955e+04 9.365410751586000515e+02 7.838866642227649572e+04 8.520424078894000104e+02 4.184551682974999949e+02
-1.606111779185700016e+03 -1.863810874545800061e+03 -1.486458149952999975e+03 6.552013236594000318e+02 -3.139091676878999806e+02 9.365410751586000515e+02 4.361943165181099903e+04 -7.390716231674619485e+04 1.980867737112200075e+03 -2.837767199383999923e+02
2.593186231621693820e+06 3.320930853860179777e+05 1.264055948327799997e+05 -4.001552025369359762e+04 2.339025385197180003e+04 7.838866642227649572e+04 -7.390716231674619485e+04 1.018410887984042317e+08 -4.561691132640647120e+05 2.280295352466024051e+05
-7.947588839219400143e+03 -1.333729505032699990e+03 -1.414793476755799929e+03 1.617621992283699910e+03 8.249442278860000215e+02 8.520424078894000104e+02 1.980867737112200075e+03 -4.561691132640647120e+05 4.458165522155479994e+04 2.332640285278900137e+03
1.394355843976200049e+04 5.578737736787000358e+03 2.152349629402399842e+03 -3.857422565749999990e+02 6.886772560005000514e+02 4.184551682974999949e+02 -2.837767199383999923e+02 2.280295352466024051e+05 2.332640285278900137e+03 3.898500827126109652e+04
