6.983305990330889472e+04 1.121825722356940059e+04 3.878397720157200183e+03 -3.286116391382000188e+02 -3.444893938077000257e+02 2.739714752530399892e+03 -9.289280129485999851e+02
1.121825722356940059e+04 1.666923478956898034e+05 8.457536541603099977e+03 -7.313321049213999459e+02 1.263680196825599978e+03 -1.040596949048700026e+03 -1.687301886461699951e+03
3.878397720157200183e+03 8.457536541603099977e+03 1.679615814560799890e+03 -2.935776286075000030e+02 -7.168669433879999815e+02 4.313222452408999743e+02 -8.760531715475000283e+02
-3.286116391382000188e+02 -7.313321049213999459e+02 -2.935776286075000030e+02 3.627129151704390097e+04 -4.671089877309000258e+02 -3.758787746671999912e+02 1.842850431216000118e+02
-3.444893938077000257e+02 1.263680196825599978e+03 -7.168669433879999815e+02 -4.671089877309000258e+02 3.353832005415890308e+04 5.308045997364999948e+02 4.467385904870000246e+01
2.739714752530399892e+03 -1.040596949048700026e+03 4.313222452408999743e+02 -3.758787746671999912e+02 5.308045997364999948e+02 3.336309750092070317e+04 7.210844069575000503e+02
-9.289280129485999851e+02 -1.687301886461699951e+03 -8.760531715475000283e+02 1.842850431216000118e+02 4.467385904870000246e+01 7.210844069575000503e+02 3.644853214817780099e+04
